[gd_scene load_steps=7 format=3 uid="uid://b0pkmkxwe043h"]

[ext_resource type="PackedScene" uid="uid://cd4281df2cpe1" path="res://Scenes/Maps/map_1_prototype.tscn" id="1_bo1nx"]
[ext_resource type="PackedScene" uid="uid://c1uhpnu6o7chy" path="res://Scenes/player.tscn" id="1_ydj03"]
[ext_resource type="PackedScene" uid="uid://sdw5h4jolwv5" path="res://Scenes/spring_arm_pivot_test.tscn" id="3_8gbba"]
[ext_resource type="PackedScene" uid="uid://c61fbwfp6x8qs" path="res://Scenes/chest.tscn" id="4_jjvhh"]
[ext_resource type="PackedScene" uid="uid://crhwftsghvgrs" path="res://Scenes/key.tscn" id="5_kry3j"]
[ext_resource type="PackedScene" uid="uid://dts57iyiikd3m" path="res://Scenes/enemy.tscn" id="6_21xkr"]

[node name="main" type="Node3D"]

[node name="Map1_Prototype" parent="." instance=ExtResource("1_bo1nx")]

[node name="DirectionalLight3D" type="DirectionalLight3D" parent="."]
transform = Transform3D(0.268516, -0.260711, 0.927324, -0.681138, 0.629328, 0.374162, -0.681138, -0.732105, -0.00859573, 8.33901, 5.41958, 2.31914)

[node name="Player" parent="." groups=["Player"] instance=ExtResource("1_ydj03")]
transform = Transform3D(-0.0775717, 0, 0.996987, 0, 1, 0, -0.996987, 0, -0.0775717, 1.16154, 0, 0)
collision_mask = 2

[node name="SpringArmPivot" parent="." instance=ExtResource("3_8gbba")]

[node name="OmniLight3D" type="OmniLight3D" parent="."]
transform = Transform3D(1, 0, 0, 0, 1, 0, 0, 0, 1, 0, 3.85118, 7.01921)
light_color = Color(0.785565, 0.503541, 0.148297, 1)
light_energy = 4.232
light_specular = 4.056

[node name="SpotLight3D" type="SpotLight3D" parent="."]
transform = Transform3D(1, 0, 0, 0, -0.882948, 0.469472, 0, -0.469472, -0.882948, -20.9493, 5.54716, 1.28419)
light_color = Color(0.847305, 0.616043, 0.161652, 1)
light_energy = 9.081
spot_range = 11.912
spot_attenuation = 0.59
spot_angle = 62.51

[node name="SpotLight3D2" type="SpotLight3D" parent="."]
transform = Transform3D(-1, 0, 0, 0, 0.830771, 0.556615, 0, 0.556615, -0.830771, -25, 5.53758, 10.2022)
light_color = Color(1, 0.00999999, 0.00999999, 1)
light_energy = 6.333
light_indirect_energy = 7.465
spot_range = 106.209
spot_angle = 96.75
spot_angle_attenuation = 0.196146

[node name="Chest" parent="." instance=ExtResource("4_jjvhh")]
transform = Transform3D(-0.713422, 0, 0.700735, 0, 1, 0, -0.700735, 0, -0.713422, -4.77298, 1.01329, 5.97653)

[node name="Key" parent="." instance=ExtResource("5_kry3j")]
transform = Transform3D(1, 0, 0, 0, 0.687861, -0.725843, 0, 0.725843, 0.687861, -4.99927, 0.814423, -6.83392)

[node name="StaticBody3D" parent="." instance=ExtResource("6_21xkr")]
transform = Transform3D(1, 0, 0, 0, 1, 0, 0, 0, 1, -4.82672, 1.38613, -0.759677)
